720 432
P 36 396 12 24
B 300 220 24 3
B 324 220 24 3
B 348 220 24 3
B 372 220 24 3
B 420 220 24 3
B 396 220 24 3
B 468 244 24 3
B 492 244 24 3
B 516 244 24 3
B 540 244 24 3
B 564 244 24 3
B 588 244 24 3
B 612 244 24 3
B 252 148 24 3
B 228 148 24 3
B 204 148 24 3
B 180 148 24 3
B 156 148 24 3
B 108 148 24 3
B 132 148 24 3
B 108 52 24 3
B 132 52 24 3
B 156 52 24 3
B 180 52 24 3
B 204 52 24 3
B 228 52 24 3
E 636 60 12 24
E 540 396 12 24
W 36 420 24 21
W 60 420 24 21
W 84 420 24 21
W 108 420 24 21
W 132 420 24 21
W 156 420 24 21
W 180 420 24 21
W 204 420 24 21
W 228 420 24 21
W 252 420 24 21
W 276 420 24 21
W 300 420 24 21
W 324 420 24 21
W 348 420 24 21
W 372 420 24 21
W 396 420 24 21
W 420 420 24 21
W 444 420 24 21
W 468 420 24 21
W 492 420 24 21
W 516 420 24 21
W 540 420 24 21
W 564 420 24 21
W 588 420 24 21
W 612 420 24 21
W 636 420 24 21
W 660 420 24 21
W 708 420 24 21
W 684 420 24 21
W 12 420 24 21
W 276 84 24 21
W 252 84 24 21
W 228 84 24 21
W 300 84 24 21
W 324 84 24 21
W 348 84 24 21
W 372 84 24 21
W 396 84 24 21
W 420 84 24 21
W 444 84 24 21
W 468 84 24 21
W 708 84 24 21
W 684 84 24 21
W 660 84 24 21
W 636 84 24 21
W 612 84 24 21
W 588 84 24 21
W 564 84 24 21
W 540 84 24 21
W 516 84 24 21
W 492 84 24 21
W 540 156 24 21
W 564 156 24 21
W 588 156 24 21
W 612 156 24 21
W 468 156 24 21
W 492 156 24 21
W 516 156 24 21
W 468 348 24 21
W 492 348 24 21
W 516 348 24 21
W 540 348 24 21
W 564 348 24 21
W 588 348 24 21
W 612 348 24 21
W 300 300 24 21
W 324 300 24 21
W 348 300 24 21
W 396 300 24 21
W 372 300 24 21
W 420 300 24 21
W 108 372 24 21
W 132 372 24 21
W 156 372 24 21
W 180 372 24 21
W 204 372 24 21
W 228 372 24 21
W 252 372 24 21
W 12 252 24 21
W 36 252 24 21
W 60 252 24 21
W 12 36 24 21
W 36 36 24 21
W 60 36 24 21
W 84 36 24 21
W 660 204 24 21
W 684 204 24 21
W 708 204 24 21
G 684 188 9 9
G 492 140 9 9
G 540 140 9 9
G 588 140 9 9
G 492 332 9 9
G 564 332 9 9
G 324 284 9 9
G 372 284 9 9
G 132 356 9 9
G 252 356 9 9
G 36 236 9 9
G 36 20 9 9
L 84 396 12 24
L 84 372 12 24
L 84 348 12 24
L 84 324 12 24
L 84 300 12 24
L 84 276 12 24
L 84 252 12 24
L 84 228 12 24
L 84 204 12 24
L 84 180 12 24
L 84 156 12 24
L 84 132 12 24
L 84 108 12 24
L 84 84 12 24
L 84 60 12 24
L 276 396 12 24
L 276 372 12 24
L 276 348 12 24
L 276 324 12 24
L 276 300 12 24
L 276 276 12 24
L 276 252 12 24
L 276 228 12 24
L 276 204 12 24
L 276 180 12 24
L 276 156 12 24
L 444 396 12 24
L 444 372 12 24
L 444 348 12 24
L 444 324 12 24
L 444 300 12 24
L 444 276 12 24
L 444 252 12 24
L 636 396 12 24
L 636 372 12 24
L 636 348 12 24
L 636 324 12 24
L 636 300 12 24
L 636 276 12 24
L 636 252 12 24
L 444 108 12 24
L 444 132 12 24
L 444 156 12 24
L 444 180 12 24
L 444 204 12 24
L 444 228 12 24
L 276 108 12 24
L 276 132 12 24
L 636 108 12 24
L 636 132 12 24
L 636 156 12 24
L 636 180 12 24
L 636 204 12 24
L 636 228 12 24
