640 480
P 108 396 12 24
B 420 292 24 3
B 444 292 24 3
B 468 292 24 3
B 324 196 24 3
B 348 196 24 3
B 372 196 24 3
B 420 196 24 3
B 396 196 24 3
B 84 28 24 3
B 108 28 24 3
B 132 28 24 3
B 156 28 24 3
B 180 28 24 3
B 204 28 24 3
B 228 28 24 3
B 252 28 24 3
B 276 28 24 3
B 300 28 24 3
B 324 28 24 3
B 132 388 24 3
B 156 388 24 3
B 180 388 24 3
B 516 364 24 3
B 540 364 24 3
B 564 364 24 3
B 588 364 24 3
B 348 76 24 3
B 372 76 24 3
B 396 76 24 3
B 420 76 24 3
B 444 76 24 3
B 468 76 24 3
B 492 76 24 3
B 516 76 24 3
B 564 148 24 3
B 588 148 24 3
B 612 148 24 3
B 108 172 24 3
B 84 172 24 3
B 60 172 24 3
E 132 132 12 24
E 516 420 12 24
W 12 468 24 21
W 36 468 24 21
W 60 468 24 21
W 84 468 24 21
W 108 468 24 21
W 132 468 24 21
W 156 468 24 21
W 180 468 24 21
W 204 468 24 21
W 228 468 24 21
W 252 468 24 21
W 276 468 24 21
W 300 468 24 21
W 324 468 24 21
W 348 468 24 21
W 372 468 24 21
W 396 468 24 21
W 420 468 24 21
W 444 468 24 21
W 468 468 24 21
W 492 468 24 21
W 516 468 24 21
W 540 468 24 21
W 564 468 24 21
W 588 468 24 21
W 612 468 24 21
W 636 468 24 21
W 12 348 24 21
W 36 348 24 21
W 60 348 24 21
W 84 348 24 21
W 108 348 24 21
W 132 348 24 21
W 156 348 24 21
W 180 348 24 21
W 204 348 24 21
W 204 372 24 21
W 204 396 24 21
W 228 396 24 21
W 252 396 24 21
W 276 396 24 21
W 300 396 24 21
W 324 396 24 21
W 348 396 24 21
W 372 396 24 21
W 396 396 24 21
W 420 396 24 21
W 420 372 24 21
W 420 348 24 21
W 420 324 24 21
W 420 276 24 21
W 420 252 24 21
W 444 252 24 21
W 468 252 24 21
W 492 252 24 21
W 516 252 24 21
W 540 252 24 21
W 564 252 24 21
W 588 252 24 21
W 612 252 24 21
W 12 156 24 21
W 36 156 24 21
W 60 156 24 21
W 84 156 24 21
W 108 156 24 21
W 132 156 24 21
W 156 156 24 21
W 180 156 24 21
W 204 108 24 21
W 204 84 24 21
W 204 60 24 21
W 204 12 24 21
W 228 156 24 21
W 204 156 24 21
W 252 156 24 21
W 276 156 24 21
W 300 156 24 21
W 324 156 24 21
W 156 252 24 21
W 180 252 24 21
W 204 252 24 21
W 228 252 24 21
W 252 252 24 21
W 276 252 24 21
W 300 252 24 21
W 468 60 24 21
W 492 60 24 21
W 516 60 24 21
W 540 60 24 21
W 564 60 24 21
W 588 60 24 21
W 612 60 24 21
W 636 228 24 21
W 636 204 24 21
W 636 156 24 21
W 636 180 24 21
W 636 60 24 21
W 636 84 24 21
W 636 108 24 21
W 636 132 24 21
W 636 444 24 21
W 636 420 24 21
W 636 396 24 21
W 636 372 24 21
W 636 348 24 21
W 636 324 24 21
W 636 300 24 21
W 636 276 24 21
W 636 252 24 21
W 492 324 24 21
W 516 324 24 21
W 540 324 24 21
W 564 324 24 21
W 588 324 24 21
W 348 60 24 21
W 372 60 24 21
W 396 60 24 21
W 420 60 24 21
W 444 60 24 21
W 108 420 24 21
W 108 444 24 21
W 348 156 24 21
W 12 228 24 21
W 36 228 24 21
W 84 228 24 21
W 60 228 24 21
G 252 236 9 9
G 540 308 9 9
G 36 452 9 9
G 228 452 9 9
G 468 452 9 9
G 36 212 9 9
L 612 324 12 24
L 612 348 12 24
L 612 372 12 24
L 612 396 12 24
L 612 420 12 24
L 612 444 12 24
L 300 180 12 24
L 300 204 12 24
L 300 228 12 24
L 132 252 12 24
L 132 276 12 24
L 132 300 12 24
L 132 324 12 24
L 540 132 12 24
L 540 156 12 24
L 540 180 12 24
L 540 204 12 24
L 540 228 12 24
L 60 60 12 24
L 60 84 12 24
L 60 108 12 24
L 60 132 12 24
L 60 36 12 24
L 228 324 12 24
L 228 348 12 24
L 228 372 12 24
L 132 420 12 24
L 132 444 12 24
L 84 420 12 24
L 84 444 12 24
L 228 300 12 24
L 228 276 12 24
L 204 132 12 24
L 492 444 12 24
L 492 420 12 24
L 492 396 12 24
L 492 372 12 24
L 492 348 12 24
L 540 84 12 24
L 540 108 12 24
L 132 204 12 24
L 132 228 12 24
L 132 180 12 24
