640 480
P 564 396 12 24
B 612 364 24 3
B 588 244 24 3
B 468 220 24 3
B 444 220 24 3
B 420 220 24 3
B 396 220 24 3
B 180 340 24 3
B 204 340 24 3
B 252 340 24 3
B 300 340 24 3
B 372 340 24 3
B 228 268 24 3
B 84 412 24 3
B 60 412 24 3
B 36 412 24 3
B 36 148 24 3
B 108 148 24 3
B 132 148 24 3
B 156 148 24 3
E 60 132 12 24
E 276 132 12 24
W 108 108 24 21
W 132 108 24 21
W 156 108 24 21
W 180 108 24 21
W 228 108 24 21
W 252 108 24 21
W 276 108 24 21
W 300 108 24 21
W 156 348 24 21
W 228 348 24 21
W 276 348 24 21
W 348 348 24 21
W 396 348 24 21
W 420 348 24 21
W 444 348 24 21
W 468 348 24 21
W 492 348 24 21
W 156 276 24 21
W 180 276 24 21
W 204 276 24 21
W 252 276 24 21
W 276 276 24 21
W 300 276 24 21
W 324 276 24 21
W 348 276 24 21
W 372 276 24 21
W 396 276 24 21
W 420 276 24 21
W 444 276 24 21
W 108 420 24 21
W 132 420 24 21
W 300 420 24 21
W 348 420 24 21
W 420 396 24 21
W 468 396 24 21
W 492 396 24 21
W 60 156 24 21
W 84 156 24 21
W 180 156 24 21
W 276 156 24 21
W 300 180 24 21
W 324 180 24 21
W 348 180 24 21
W 372 180 24 21
W 492 228 24 21
W 516 228 24 21
W 540 228 24 21
W 540 252 24 21
W 564 252 24 21
W 588 300 24 21
W 588 324 24 21
W 540 420 24 21
W 564 420 24 21
W 588 420 24 21
W 636 420 24 21
W 60 252 24 21
W 60 276 24 21
W 60 300 24 21
W 60 324 24 21
W 60 348 24 21
W 60 372 24 21
W 60 396 24 21
W 156 444 24 21
W 180 444 24 21
W 228 444 24 21
W 252 444 24 21
W 276 444 24 21
W 324 444 24 21
W 420 468 24 21
W 444 468 24 21
W 468 468 24 21
W 492 468 24 21
W 516 468 24 21
W 636 468 24 21
W 612 468 24 21
W 588 468 24 21
W 564 468 24 21
W 540 468 24 21
W 516 444 24 21
W 492 444 24 21
W 468 444 24 21
W 444 444 24 21
W 396 468 24 21
W 372 468 24 21
W 348 468 24 21
W 324 468 24 21
W 300 468 24 21
W 276 468 24 21
W 252 468 24 21
W 228 468 24 21
W 204 468 24 21
W 180 468 24 21
W 156 468 24 21
W 132 468 24 21
W 108 468 24 21
W 84 468 24 21
W 60 468 24 21
W 36 468 24 21
W 12 468 24 21
W 204 444 24 21
W 300 444 24 21
W 348 444 24 21
W 372 444 24 21
W 396 444 24 21
W 420 444 24 21
W 540 444 24 21
W 564 444 24 21
W 588 444 24 21
W 612 444 24 21
W 612 420 24 21
W 636 444 24 21
W 372 108 24 21
W 348 108 24 21
W 324 108 24 21
G 108 92 9 9
G 132 92 9 9
G 156 92 9 9
G 180 92 9 9
G 204 92 9 9
G 228 92 9 9
G 252 92 9 9
G 276 92 9 9
G 300 92 9 9
G 324 92 9 9
G 348 92 9 9
G 372 92 9 9
G 444 332 9 9
G 180 260 9 9
G 60 236 9 9
G 612 404 9 9
G 516 212 9 9
G 300 404 9 9
G 132 452 9 9
G 12 452 9 9
G 348 164 9 9
L 276 372 12 24
L 276 396 12 24
L 276 420 12 24
L 348 372 12 24
L 348 396 12 24
L 324 420 12 24
L 324 396 12 24
L 324 372 12 24
L 324 348 12 24
L 324 324 12 24
L 324 300 12 24
L 444 372 12 24
L 444 396 12 24
L 444 420 12 24
L 516 420 12 24
L 516 396 12 24
L 516 372 12 24
L 516 348 12 24
L 516 324 12 24
L 516 300 12 24
L 516 276 12 24
L 516 252 12 24
L 588 396 12 24
L 588 372 12 24
L 588 348 12 24
L 612 348 12 24
L 612 324 12 24
L 612 300 12 24
L 612 276 12 24
L 612 252 12 24
L 588 228 12 24
L 588 204 12 24
L 612 228 12 24
L 156 372 12 24
L 156 396 12 24
L 156 420 12 24
L 12 420 12 24
L 12 396 12 24
L 12 372 12 24
L 12 348 12 24
L 12 324 12 24
L 12 300 12 24
L 12 276 12 24
L 12 252 12 24
L 12 228 12 24
L 12 204 12 24
L 12 180 12 24
L 12 156 12 24
L 204 156 12 24
L 204 132 12 24
L 204 108 12 24
L 252 252 12 24
L 252 180 12 24
L 252 156 12 24
L 396 204 12 24
L 396 180 12 24
L 396 156 12 24
L 396 132 12 24
L 396 108 12 24
L 36 180 12 24
L 60 180 12 24
L 252 204 12 24
L 252 228 12 24
