640 480
P 180 420 12 24
B 60 364 24 3
B 84 364 24 3
B 108 364 24 3
B 132 364 24 3
B 156 364 24 3
B 180 364 24 3
B 204 364 24 3
B 228 364 24 3
B 252 364 24 3
B 276 364 24 3
B 300 364 24 3
B 324 364 24 3
B 348 364 24 3
B 588 292 24 3
B 564 292 24 3
B 540 268 24 3
B 516 268 24 3
B 492 268 24 3
B 468 268 24 3
B 444 292 24 3
B 396 268 24 3
E 204 228 12 24
W 156 276 24 21
W 12 468 24 21
W 36 468 24 21
W 60 468 24 21
W 420 444 24 21
W 444 444 24 21
W 468 444 24 21
W 492 444 24 21
W 516 444 24 21
W 540 444 24 21
W 564 444 24 21
W 588 444 24 21
W 612 444 24 21
W 612 468 24 21
W 636 468 24 21
W 588 468 24 21
W 564 468 24 21
W 540 468 24 21
W 516 468 24 21
W 492 468 24 21
W 468 468 24 21
W 444 468 24 21
W 420 468 24 21
W 396 468 24 21
W 372 468 24 21
W 348 468 24 21
W 324 468 24 21
W 300 468 24 21
W 276 468 24 21
W 252 468 24 21
W 228 468 24 21
W 204 468 24 21
W 180 468 24 21
W 156 468 24 21
W 132 468 24 21
W 108 468 24 21
W 84 468 24 21
W 468 108 24 21
W 492 108 24 21
W 516 108 24 21
W 540 108 24 21
W 564 108 24 21
W 588 108 24 21
W 636 444 24 21
W 444 108 24 21
W 180 276 24 21
W 204 276 24 21
W 228 276 24 21
W 252 276 24 21
W 276 276 24 21
W 300 276 24 21
W 324 276 24 21
W 348 276 24 21
W 132 276 24 21
W 84 276 24 21
W 108 276 24 21
W 60 276 24 21
G 516 92 9 9
G 420 428 9 9
G 420 404 9 9
G 420 380 9 9
G 420 356 9 9
G 420 332 9 9
G 420 284 9 9
G 420 260 9 9
G 420 236 9 9
G 420 212 9 9
G 420 188 9 9
G 420 164 9 9
G 420 140 9 9
G 420 116 9 9
G 84 260 9 9
G 108 260 9 9
G 132 260 9 9
G 276 260 9 9
G 300 260 9 9
G 324 260 9 9
G 420 308 9 9
G 396 308 9 9
G 516 308 9 9
G 540 308 9 9
G 492 308 9 9
L 612 84 12 24
L 612 108 12 24
L 612 132 12 24
L 612 156 12 24
L 612 180 12 24
L 612 204 12 24
L 612 228 12 24
L 612 252 12 24
L 612 276 12 24
L 612 300 12 24
L 612 324 12 24
L 612 348 12 24
L 612 372 12 24
L 612 396 12 24
L 612 420 12 24
L 36 276 12 24
L 36 300 12 24
L 36 324 12 24
L 36 348 12 24
L 36 372 12 24
L 36 396 12 24
L 36 420 12 24
L 36 444 12 24
L 372 276 12 24
L 372 300 12 24
L 372 324 12 24
L 372 348 12 24
L 372 372 12 24
L 372 396 12 24
L 372 420 12 24
L 372 444 12 24
L 564 276 12 24
L 444 276 12 24
